6904000	9111,5267,10056,11319,11849
5491500	25212,18024,9472,15390,14265
5655250	11196,15645,23669,14048,3702
1561250	24307,21511,989,14261,7096
1074750	12747,10171,11904,12285,14580
5264500	4172,8625,2822,12220,14261
11613500	7868,5655,20706,20449,28641
10756500	14942,26972,17706,6656,26771
5034000	7465,12220,10584,3698,20207
1971500	25329,7096,3151,7230,7004
8435250	14261,16540,21067,16110,23896
1118250	24306,26665,8278,7070,18967
5780000	17061,5814,22313,11022,15315
11225500	23342,25960,4731,16463,13020
6257000	23628,23563,16540,11849,21071
4631250	20896,29099,13103,18353,7868
12016750	28653,18741,15784,15584,27437
6233750	18180,4220,3458,10584,3051
3211250	17706,12431,11076,6148,27155
6998500	19416,201,3627,19431,29547
11158000	21930,239,7868,28876,6738
8617500	28270,27625,26619,11280,4571
5654000	29231,5896,16939,4300,17926
1459750	25830,16550,20228,21393,12220
10619000	12647,23793,6918,29547,2683
3588500	21336,4644,7432,18712,23779
11352000	7096,12352,15155,6163,8010
1966250	25260,3228,7186,2257,16110
8628250	20979,8630,28481,29465,15390
11612500	5848,18075,18741,29334,16672
8573000	28049,6158,19828,2323,17372
2103250	7567,12394,23549,22280,4220
7367000	15686,21336,155,7061,11083
6523250	11196,17835,17060,14020,11685
12215000	6672,8637,14942,9363,12352
7218000	11201,22317,21936,18630,24669
10578000	12736,20896,29213,13778,14073
11129250	949,4949,11280,9829,16409
1104500	14294,18678,21110,22393,22583
1629250	18024,19891,24196,21392,24601
2078000	17449,14902,6839,14446,4644
2316250	9657,26288,9688,28535,26546
8163500	26959,28438,18868,15022,23103
7687500	14498,12364,619,12182,6737
200250	12352,9620,5856,25570,19166
7588000	28653,28975,10329,17470,7105
9720000	29442,2771,13830,16315,26871
42000	11578,8890,13390,11687,5557
12065000	12453,6154,3228,6480,10999
1727500	4452,7812,9563,28669,3228
5846250	18200,19993,28793,22843,4750
8149250	11196,2367,215,12162,24015
10592750	646,13093,15934,3804,25488
7699500	11793,14182,9802,18730,26127
5865750	3228,10268,28177,11652,18296
11632250	25022,4819,24196,15389,12220
4475750	3719,13592,20536,20551,2227
7269250	20578,24571,23295,27791,2729
5078750	25669,62,13592,8483,23628
10598500	11776,7105,155,9563,24385
8072250	6098,526,14894,12977,749
5959000	14242,14153,27791,4078,6672
4658500	27625,17453,25917,21838,11330
5170500	17581,14020,21672,18805,19973
8111500	12790,11018,527,454,23878
1617250	18002,28463,11951,2217,7061
1661750	1731,28221,22342,2729,9802
6247250	15814,8171,25618,22736,28626
9906500	23656,28411,12394,8689,26298
8216750	24281,12285,14065,11347,9369
11111500	12379,4216,25142,14623,20051
5915250	15138,14242,12230,21110,26785
12154500	9549,2568,8689,9471,15086
10063000	10893,14930,21110,22889,20207
5279750	2368,6880,25211,19514,27435
6683750	29551,5267,17945,10169,14818
1338750	845,12586,360,6571,993
5769750	24503,2455,4440,26614,16116
2733500	19824,13272,14451,25260,6148
2253250	437,527,18730,18575,28189
2920750	22359,23407,12285,13757,17081
11503250	504,19458,21967,8878,17260
8096750	24887,21672,22077,23628,28641
7892000	10928,1530,911,16913,5267
7785250	11790,12132,23928,21657,19962
4922750	2669,20701,18489,18013,25733
4850000	4731,11605,12512,614,1428
3952000	25917,19837,13998,9111,29099
4852000	7038,29146,15584,282,12259
11313000	11196,27406,7456,17013,21865
12231250	24274,27155,28149,26722,19539
1710500	14780,28065,7868,12977,1390
1244250	4324,1691,28183,19951,27670
746000	155,21865,7613,3032,6571
5906250	13784,143,27791,20529,12329
3293750	25193,26523,18075,7070,12758
3054250	9563,3151,14020,29203,5448
12142750	9834,14486,10760,2375,29099
3520000	23928,14415,1700,24434,3999
4606000	8240,15120,12394,8911,9499
10713250	617,11220,22633,22823,6951
3781500	27161,15606,911,28117,241
2891500	8724,4949,3627,255,819
2752000	3032,12243,22179,19772,19405
10521000	18612,6856,21315,17920,9472
299750	24601,11080,23612,4452,8528
4215750	23928,23656,1037,17356,26127
9694750	15383,28409,22508,911,10914
1086750	7868,18977,1084,9899,28791
3625250	26614,5625,4411,20549,18180
4153000	21865,21883,9111,17921,5043
7797000	11196,12754,13942,6447,6571
854250	9881,4571,19692,20158,24601
7306250	28754,4691,22359,2249,2099
2823250	25329,2610,9111,2410,15498
4770500	6988,10404,9165,4808,18075
393250	22306,519,13093,20154,4949
6897000	7626,23223,18544,24177,4300
5108000	15094,29203,29547,4254,22556
6807250	22393,7233,10646,13394,8630
11579750	12688,8410,15217,11196,12132
5226250	15907,8689,6840,26416,10726
3723750	12271,3406,14020,25372,1831
7002750	1481,5081,1831,2270,16540
341000	25840,4003,17958,26722,679
10229250	8689,21593,18289,23774,24869
8216500	22552,14159,28481,25308,22916
6301250	11543,574,8226,8637,25917
8195000	21672,28410,8943,4078,24519
1792000	6203,9301,20630,23214,16540
2874500	7868,22094,4172,28370,3047
11601500	12853,6299,6190,12220,11080
892500	239,23403,10306,17446,18741
5261000	1591,11000,24788,11410,13592
10818500	5334,17855,1038,9829,9030
7034000	22887,17402,26829,3850,14266
3592750	14694,8704,16903,5836,29547
1046250	27791,10678,18196,6621,11396
2476250	23202,18805,8684,21950,29231
4852500	911,24541,16500,10151,11080
7375000	11201,11857,3937,25309,16463
4059500	16463,805,12159,28465,9549
799000	27791,21946,24553,25839,24341
7435500	27950,178,24886,7975,18024
4625750	22321,26000,3151,25366,11734
7163250	17748,22609,20154,9567,19702
3549000	5184,14261,5285,24869,12395
8869250	11203,8689,28230,11578,15018
4184250	241,14020,4949,11196,8689
11169500	19277,19217,953,2198,4220
6258500	12068,20471,11524,1432,934
8529750	22583,23013,18026,28059,9702
11957000	23907,16818,13380,12977,21995
1758250	28463,3091,6947,6571,28481
2921750	143,11201,7105,29547,4919
9512750	4239,11080,20800,28135,23779
11683250	12541,14603,24704,24196,3886
9513250	23928,12583,18024,23861,20800
11923000	18730,19636,11328,2367,3032
6874250	12168,28410,14265,18805,13483
1579250	21160,4953,7105,5336,25641
11616250	9829,5441,12033,10710,13450
7715000	11790,19394,13795,24978,6680
3644250	4381,18843,4775,7127,29473
8100250	7868,11543,14631,14952,24447
11984750	993,8689,18544,12352,21796
5011500	23013,22280,23779,11196,6219
4025000	9894,12220,4571,17437,3627
8040000	15138,239,8257,17084,9792
8792750	7019,5598,27939,14416,25883
11761750	554,28975,3913,11524,9765
9199500	29099,4081,4578,24969,20803
4907500	8775,24196,6374,8965,11060
10628500	18736,398,21336,27791,4039
8123500	1591,22852,3390,14931,26059
2788750	10702,24907,3804,23628,3647
4423500	24193,4147,9111,29490,11543
9592500	18271,26665,6767,676,11080
3304500	24461,17228,25169,13554,3804
10492250	11061,20045,24984,18217,12606
10533750	24601,14261,13451,19974,27346
5320000	6167,20388,18692,4452,14925
5812000	19993,4039,20506,19759,11465
10592000	1335,19973,6951,12220,17846
7854500	7323,527,2421,11080,19217
4378500	16100,11857,22947,13020,5661
9586500	8860,17401,24601,27888,414
7886000	5094,6880,15799,1712,1428
10261750	17061,14533,28270,19394,21657
7143250	22087,7613,12865,29203,28641
3288250	25651,4750,6395,19394,3390
5139250	1731,18183,17959,23826,26716
7060500	504,3384,19005,26655,29388
8523250	25500,7827,1731,14458,3032
8633500	8148,1950,255,8767,28111
9716500	20694,6908,28065,13086,11465
154500	8689,10353,5863,29197,13830
11747250	11244,16154,24892,17959,9525
6003750	8792,23013,15414,7737,20256
6852750	7356,4949,27906,7822,7208
472000	25333,3515,6211,23584,21565
7921500	22556,22583,28087,15534,23612
10588000	9209,14020,849,9295,28825
7184500	7868,10193,28463,16939,6352
11440500	2179,1803,20608,26576,6571
6694750	24196,14020,23007,3151,20253
3031750	7323,16110,21565,18131,11263
1782250	155,18024,5845,12143,14415
2168250	7868,5662,17732,21683,23928
4256000	18741,16331,17771,23019,3324
239250	28481,18990,8603,16854,9842
563500	23928,3219,10778,16939,5260
9394250	15390,28899,14894,17087,19014
3963750	3809,13737,11330,11864,23475
12239250	26288,20519,14536,5856,15838
1324500	7868,6305,27927,10647,2198
4037500	14523,26614,27407,13036,5230
3719250	4960,17150,3362,18362,18624
776750	26699,18388,2963,3228,20695
9123500	12168,14694,18678,3433,26789
4921000	23549,19974,3032,28418,9912
8940500	23928,25917,21838,2655,24172
599750	20297,9657,10097,18072,29146
11936000	28470,13020,8494,21393,1962
417250	12068,21838,26800,3190,9549
8243500	11196,4931,24869,18075,4479
12234750	21632,29465,4510,22126,26614
8910750	12688,27514,26614,5598,18167
7361250	24541,28410,8719,9291,22893
8799750	12018,20826,4571,3252,4389
3795000	29099,12352,24601,11687,21865
8528750	16913,15315,15672,27791,4302
6571000	4254,12162,27052,15734,13878
1148000	26429,14266,1831,17006,13552
8156500	8842,2198,9620,10999,16420
11874000	13844,18180,4220,1282,10014
9039750	3228,11196,14580,1293,13087
5642000	10726,14873,3181,7812,26121
5254500	7868,15478,12717,18072,25488
3981750	6520,27791,15602,25386,5185
4886500	17640,20146,18805,26789,1831
2968250	27625,4578,18758,8637,11624
4880250	3382,27096,15617,23143,17405
5037000	21140,22077,11196,21067,4571
1531250	22179,7026,22442,10247,12216
2940000	12168,11767,26722,2683,25086
8730250	911,12068,28876,28453,19416
4895250	15423,9152,20694,28418,11638
11535250	16463,22989,11052,12394,23143
3266750	13888,5416,12220,26318,13749
8649250	6571,16939,18024,2826,1547
969750	17823,3047,2963,2367,15159
5754500	3954,8307,16836,10282,25618
3684750	16754,16463,1831,6728,20297
11590500	17512,14821,18741,17127,17606
3148500	12795,16217,28508,22126,155
2797750	28270,3658,20595,8533,11790
8049000	22749,1704,5067,4582,26180
1441500	27508,12670,12033,2846,2826
7600250	3228,25570,24869,11176,8662
8745250	7706,23086,15883,12033,3590
6751750	3068,16243,28463,13737,26699
4967250	7868,12431,28391,17642,3528
3249250	28641,26394,1237,29099,26676
1181250	23284,8339,8058,16169,29213
984500	2513,27791,28985,18730,19539
2616250	17458
267250	10690,13787,11679,599,21925
3742000	21847,5336,11357,23656,13020
691500	22664,8764,14119,19328,834
3954500	15860,12162,26315,931,18292
3344750	17748,5310,3313,7542,28463
1906000	2683,12220,2438,9532,9567
11730000	13390,13787,17181,422,1446
7918750	7479,26404,26959,18275,24541
12015000	22240,26900,5176,15138,27028
9437500	489,22280,7208,28662,15718
3404000	905,6246,8446,29,18273
4370750	15638,16343,4078,23628,17058
7450000	14261,20661,9220,8637,27791
10840750	7105,24385,13672,21565,29099
8033500	2471,6113,28653,12435,16939
7320250	28790,4694,19897,20466,934
6754250	20152,17945,28936,12977,1831
8848250	24704,11698,6029,3534,11807
6849750	6757,2199,4819,19394,27928
5082750	4795,20449,11029,17280,2059
5239500	14153,14360,23928,15138,29203
9842500	18805,7380,10908,12576,21995
2251750	23549,29385,6571,22727,13084
38250	14265,10051,15138,17590,20626
364250	11679,16079,14545,22280
2428500	22915,17153,1396,24471,4986
4844000	24196,12899,28362,5598,27396
3581250	23482,22126,28411,11781,5086
621500	29099,6326,19973,3308,22034
12004000	18958,10452,12754,18683,16463
6412750	5014,12666,7208,14580,3719
6015000	24323,20822,9885,9053,2570
848500	7286,259,2000,23628,24977
10069500	15322,4571,21838,24447,6665
2378500	23774,3228,18937,17470,2669
1724250	23236,7868,17450,10097,16176
1140750	22313,12541,5736,6741,25651
65500	5443,2452,29202,21840,28687
5024500	12977,9802,528,21110,15138
1985250	21865,28059,10176,21110,4339
9982500	542,20800,16009,9369,2683
9463750	3677,15138,16406,11196,26758
2771250	2513,12606,14694,1494,476
6713250	18879,1758,24344,2367,27625
11939000	23260,23409,2176,2257,28230
10774750	1577,27199,14942,22749,20338
6766250	4307,3977,9109,29547,28945
764750	14153,20425,22749,29203,26988
10309250	9472,8089,5043,11734,18996
11494250	11196,8676,18805,12352,16854
6172000	24704,7827,13878,13888,13411
7703750	8278,6398,3626,7542,3651
7445000	18075,16463,28059,4913,12754
6619500	15934,1917,16952,15089,5221
4533750	4324,10970,10908,24514,6868
7927750	26288,12680,12674,3032,20279
10773000	2257,11889,28124,20608,14922
10264750	29203,14930,18689,14020,5613
3149000	9804,9486,29008,13162,24503
64000	12394,11080,11670,23656,6805
12204750	21533,6571,7963,21681,17812
747500	12606,25917,5210
7383000	27791,7611,10151,25372,25309
5143250	26614,26394,23549,14482,12736
4317250	22029,18628,8338,4172,12173
6334000	10627,23120,9413,10503,1672
6497000	20747,7927,20529,27522,647
11972750	7260,15631,21693,4846,7936
2480750	22843,18172,20979,15249,22946
2148250	1972,6868,10157,10014,15874
12337750	13888,21092,554,13592,19196
12384250	3658,5458,21747,17277,10718
6155250	15661,4220,7850,27653,1773
11321750	7997,11730,28481,19891,21672
6515500	23251,8662,6319,21657,18235
2350750	24788,25386,24975,1712,7248
573000	16653,18868,19615,23214,21796
4716750	2683,29202,13784,2963,8511
10224750	1481,11679,25960,21393,2613
4376250	15631,8689,21225,27407,28368
9394500	26546,15018,6880,18491,23781
10095000	14261,16624,8278,13494,26699
2975500	5086,16406,19745,14902,12680
1793250	2033,21067,679,4949,22393
11121500	15799,13049,18024,24601,6597
10933250	4076,26758,10404
791500	24831,3627,10329,16606,14712
11496750	3534,6927,28898,22016,20101
8701250	1884,19767,19974,18805,9953
10972250	13672,23779,12491,16396,24892
3226500	11954,27791,6621,22240,4230
6957500	16722,22029,24417,27448,9111
1688750	7248,19671,3145,14020,5376
981000	11176,27160,12737,14153,14020
5901250	14575,12606,18730,11073,22482
835000	19632,16722,11734,14048,7990
7810250	8637,6880,16396,3740,27791
12377250	3151,18075,5799,14020,22556
3312500	21217,19993,14030,5310,489
2200750	24506,18741,12674,8630,12285
711500	11052,4709,17118,14360,11578
5354000	4595,10014,18990,13450,9829
4454500	15019,27117,4059,26699,15138
4620000	14486,414,15661,19908,4078
10393750	2437,3438,29265,7868,4479
11362000	8693,5330,17232,9609,10404
9979000	251,6096,20661,8628,3627
3014750	7868,18558,13471,2353,1147
9244000	16177,13442,17393,13471,14227
1063000	22280,28481,24196,24929,22749
6996000	6305,16067,13754,12165,6255
8230750	24841,11939,27181,14469,25687
8353250	27205,16331,28401,22204,7230
9436000	504,6571,29203,17680,23590
9163000	6096,7977,11482,6571,23475
6848000	8816,23622,12977,26619,24601
11734000	13084,14490,7747,26546,28985
8845250	22484,18736,14020,12008,28653
8248750	4718,9829,9489,8628,1427
10966250	8689,4949,13039,20456,29224
2756000	21092,2198,13773,25565,15320
10047250	8976,12132,3555,559,5962
10297000	25058,18075,5908,2410,6988
10000250	17153,28256,19974,6171,5598
1812000	11196,19814,7868,21628,29077
7830250	17237,5779,25372,20127,1918
4004500	19686,15315,6571,18281,5211
5847500	21865,29505,28504,1831,22280
7483500	21865,420,23331,8384,24841
10054250	19660,4667,11159,20297,8425
2737250	15315,4281,24053,9620,24385
2232500	26516,11060,6431,24929,11000
11564250	25483,14969,6104,9140,1831
1446250	700,14525,1155,23482,20297
1622500	19179,22027,18771,7522,14020
7016500	24193,26546,1366,14020,10616
1911500	21815,16110,1047,3627,8689
5226500	7868,3627,23829,8689,9613
5751500	14873,24878,23928,5268,15896
2033500	11176,8689,11465,3627,4949
8314250	11196,27618,4834,19416,25933
887750	15019,3135,15934,24764,26754
11896000	22405,19166,3176,12068,16564
9351750	17921,28930,14580,20626,2891
10185000	25770,11029,6104,17582,6051
10845500	29497,9985,28631,12512,17060
9782000	29364,6724,7248,3151,18758
5608250	21110,28087,1547,8943,27785
5745000	20658,4571,9838,11080,2257
5012750	2208,14818,11196,10893,1335
1194750	83,7400,4059,7037,12737
1459000	6147,26614,6290,28308,25260
9782500	6352,5856,17550,23662,7975
4063000	19974,14573,18689,12055,6148
6700250	18575,7957,11578,4949,11176
3009000	22393,8724,27117,7230,12964
725000	17835,20902,2257,25372,1831
1909250	504,24645,23470,20516,6326
5293250	20506,679,4571,11519,3995
5898500	15921,7105,23433,17732,26722
11340250	14294,25329,241,12394,6215
11527500	5305,16884,27791,8637,26619
9420500	13238,25372,2826
1365000	14580,679,11018,8191,7704
861250	29203,7963,14294,18730,5712
10976250	11679,1533,27888,12285,14580
8215250	25372,14261,18251,20846,7827
4956000	21337,15315,28675,13450,2042
3913250	8409,9230,9242,9948,4235
6099250	13244,11823,25372,18697,15661
7568750	12285,1831,4329,17087,3458
832250	22963,29330,18024,26670,28859
1528500	12977,23774,22749,28370,5799
1525000	11196,2257,9620,24601,11687
4115500	6731,14470,26619,3888,1222
3317500	3032,7105,11864,1917,22113
5742000	19523,8238,20668,25248,10694
12388250	1539,28391,23793,4538,15298
6061250	10893,22359,16463,8628,22113
10944750	28752,25372,7150,19673,13451
5336750	13494,24669,21427,8965,5043
8430000	27328,8637,17771,20333,23779
10443000	23628,19466,10570,13460,1392
8909750	28270,15681,22342,20803,24054
7103000	15019,5574,12586,23662,15423
2492500	20979,16939,10464,20083,23969
6250250	16564,26426,5995,4078,12022
3363000	15315,25742,18868,8082,3627
12417500	17959,8689,16096,29099,18024
11307500	12068,20300,5264,18167,24944
9651250	1598,5639,26754,679,18672
9121750	15935,5799,25733,2000,18805
6299000	25830,16818,6908,1481,7090
11947000	23482,13103,9522,28967,24417
5994250	23793,18180,27625,3552,8816
2322750	15138,18834,2060,1355,10893
4193750	23779,21657,17959,24296,24929
11493000	7868,22727,12453,9072,1533
7476250	1037,29099,19416,23284,24907
9069000	22393,19937,19217,3677,15302
434750	27511,19394,16972,4571,12656
7976750	25483,19813,26806,21862,25372
9344000	14795,17024,18001,18555,25511
12229000	17389,28128,29148,15546,15960
4336750	24059,16463,20846,16155,29203
6780500	10893,25676,4571,19394,25474
2676250	4970,14535,15527,9258,740
9794000	642,9301,24886,17835,14626
3350250	24765,18736,25420,1672,3384
567250	6051,949,21838,24616,1237
5110750	28399,5590,3324,18167,21146
9807250	7868,18905,26699,6096,19890
11131750	882,4039,29472,17647,10726
9839750	18167,28410,647,11328,8719
10119250	7868,5087,10282,6326,20425
10052000	7680,22126,11696,143,3093
10915250	12220,12395,13873,10861,5254
8324500	9657,18741,14020,7943,9848
232000	7868,21865,18791,12133,361
12173500	554,3627,9817,15405,1325
1699500	24715,16716,19962,25260,9207
9179500	17835,27637,29375,12220,17629
11552750	27791,23448,16011,1481,24869
6848750	8689,21336,2891,202,22894
9671750	26722,29203,2826,7868,23122
11558000	749,12674,6290,16788,24307
2852250	11682,21706,14360,143,4647
5735000	11280,24977,23549,5470,17136
282500	12055,1962,8818,2683,3850
5522250	4479,15315,7048,21672,2257
3573750	15831,778,25260,11176,11670
6433000	17087,20572,18149,684,22971
4256500	2410,4694,22280,12588,13254
2331750	953,7179,20626,29099,27179
317500	18805,7868,9620,25260,16110
5292000	19974,25669,21345,23779,11670
10064500	29099,5799,8269,22583,28466
4782250	9658,10778,15359,5724,10193
3257000	679,15534,13592,10226,251
1499750	16079,8669,5655,1831,28032
8949750	17438,16818,21962,4808,2217
10312750	12352,20367,3627,20164,9563
5465250	5377,23554,21865,10603,4339
2988000	22482,15828,17133,6548,12606
4547500	8257,10151,6918,10710,26694
1114000	8188,22356,22052,1827,4731
11646500	13975,15153,29084,12949,5474
47000	23549,2999,18835,13099,3536
5962750	5803,16800,9563,3228,1950
4054000	11304,24088,9090,20121,28124
8666500	17671,11790,15672,647,25791
4902250	23628,8207,27111,4709,2323
12371000	12394,21372,11543,8628,17767
4195500	20456,12285,15315,18905,18097
2138750	14120,1950,11029,18805,21334
10401500	22950,12189,27791,13258,18465
980000	3228,29099,19974,1739,26894
3215500	10914,23134,9645,19029,16550
3977750	25596,17060,13975,21869,17087
3675000	1565,16722,1138,8851,9563
3751500	23284,28411,10193,20300,3866
6654750	16110,14261,1415,6299,20180
1767500	27977,20180,14626,619,7409
9811750	22846,10969,18183,10014,10476
2364500	6918,12329,4939,4571,6908
3310750	15432,24083,14952,23774,25086
11625250	18990,28017,21628,21565,12022
2088000	2198,10949,21883,617,15019
10654750	12212,27272,14991,25214,20529
7787500	24340,17771,1831,13323,17739
2187500	27394,6158,23628,16376,24780
965500	9671,18712,26378,26546,2963
8385000	7680,9111,19217,18080,3458
252500	15089,23656,23826,14011,6199
3326250	9479,17232,10866,614,20154
11300000	2963,13307,8375,12063,13701
11142000	17407,28378,18180,1493,12352
4853750	25596,19955,26058,22240,12223
3895750	5469,12933,12475,12606,9724
2557000	4571,12133,18251,7105,20850
745750	21071,19339,24869,3228,4578
11631250	5598,22482,10302,25332,563
6572500	17945,29099,8311,2939,26378
3846250	11882,23143,2826,16722,15584
3405000	5015,4389,19974,5470,19027
12331000	18180,7542,11330,19540,21739
8102000	768,21110,18213,2683,5591
5256500	614,20679,15874,12165,13909
415500	554,13017,7542,23164,194
5467250	23157,8763,19252,24922,19277
731750	11196,9195,15924,7692,29008
7211250	23656,7061,23103,2960,2942
11711250	24942,1392,23861,10866,21338
11894500	24009,15138,9548,20388,18564
2198750	13054,9250,16550,12394,13216
10790500	7105,22889,22126,22547,8313
7345250	2750,15138,23656,10718,2513
3396250	29077,15138,15534,4953,25309
3216500	28992,21146,20548,26121,18697
9946250	21865,26619,23241,2899,155
9628250	23779,18024,20750,20388,10866
9352750	28759,17133,6548,18075,12977
4680000	16463,25372,28382,23013,16672
5828250	9031,4808,599,16979,6988
10477000	16222,27151,14863,18926,5912
4304250	7868,1155,14902,10999,16846
1620500	23735,5833,1195,5445,28774
11701500	16481,4281,24737,4366,17760
1838750	16818,8637,27060,5799,21110
5238000	21833,15018,5936,15138,9620
4073250	27415,12271,22836,17153,9946
10257500	10893,4281,26135,17117,28568
7405250	15125,17431,6246,22958,14393
6266000	4939,23774,18292,15584,20950
8702500	23779,24780,617,8257,16540
6014750	28653,19596,12220,18771,29048
1047000	21110,25770,5012,18095,10795
405000	1135,25372,16140,15661,23241
11772000	20078,3185,13793,8094,1966
1173500	20037,5848,8049,8257,15661
3511000	14020,19651,13020,29203,25346
9278500	8943,24307,22911,7847,18632
4963500	18002,15534,16572,21110,21092
2626250	20206,25193,28230,11176,27458
5440500	5043,17945,25272,11080,8637
4876750	949,11431,11378,4080,20536
3075000	6592,5995,12811,26614,15918
10018000	27791,5429,20343,25252,642
452750	14796,12110,21865,24392,11060
4035250	27539,3423,3185,9340,8630
1025250	13247,14119,15883,29163,16672
82250	11080,4763,23066,26605,14531
4809750	23884,679,1831,6571,6080
1724000	29099,10521,12168,3228,7868
9215000	14294,8651,6352,12394,29425
7116750	14930,23669,27637,9912,12541
5899750	12220,18730,21672,11679,28059
1953250	3658,12394,2610,1788,20918
9103250	6655,876,2655,9563,12220
6603750	7230,2621,10967,21110,16988
1838000	11259,16906,2963,21372,12283
3861500	7868,20470,9899,14533,24603
1247000	25635,5043,25381,20548,2669
620500	7975,26114,21840,10646,4571
2882750	4452,29225,11330,3390,16670
5052000	7868,5150,25299,12220,6864
11283500	16463,12220,10680,22889,11018
11687000	8689,431,23685,20359,16476
6412250	7260,13354,15159,21110,25715
10609250	8693,7409,20979,21919,19702
3734250	6290,4418,28348,2432,12160
7657250	7997,29445,2043,22157,1756
5957500	24966,29203,9824,8637,27741
8070000	29197,27044,18611,18024,20595
382250	22393,12840,5740,25372,4103
1815750	13998,5067,6245,28391,2160
10185750	9290,24284,14806,3438,1415
309750	15365,4545,11524,12431,28653
4047000	29446,7208,26737,3983,12828
6571750	9193,16540,155,5661,17706
11751000	1438,28985,6948,19431,16564
10539250	14020,1461,10176,4486,27625
1934750	21838,18946,19514,27046,12528
4189500	9165,2251,5912,11396,11677
4133750	27638,14451,14248,20127,9919
5027500	28357,15197,8236,20184,801
2704750	3658,5764,13592,16483,11547
4994000	25596,17087,10097,1852,23531
6205000	27470,17153,17214,1461,9195
6867750	4078,17013,25372,24788,14020
9288000	11328,2971,6401,27508,10999
8060000	18024,19882,14942,26408,14554
7545250	3228,14381,13891,11679,29099
8129250	18097,7868,28617,7045,22999
11794250	1218,22365,29099,27092,14025
2386250	7061,1008,948,24507,26754
10302500	28164,7409,26087,14065,14567
3282250	11857,27638,2739,29099,23475
2807500	27117,12688,3817,1010,18741
10696000	11022,14887,1995,1666,10635
5980500	3650,17959,21400,25366,23814
12008000	20979,16331,17647,4960,14261
6921750	19197,2367,29497,7868,19458
3188000	16463,26618,18025,4993,17429
11078500	9275,18024,28391,26860,14153
11535500	11196,11679
19500	20551,19421,27946,14048,25933
439000	25415,7868,16821,24060,12287
139000	679,24358
12275500	21930,5429,23134,7572,9563
8051750	29389,21911,13737,20297,8389
1110750	20578,12426,3458,22499,3101
9035750	9881,20661,7850,17977,26434
4257000	27625,11196,11176,23475,4571
3892750	15138,3937,13020,2898,17747
5948500	28382,6290,13736,16757,26883
8172250	21110,28230,7868,7354,2217
1074500	9567,16602,12606,6052,4571
1627000	23770,12410,7868,20747,25565
9972250	15138,7963,23187,6290,27533
4814750	26568,7868,679,25135,25424
9685000	3185,17032,11605,2693,5087
4421250	16110,1591,21672,13888,2257
5187750	1481,11080,19514,29099,11194
5220750	8689,28438,25240,26216,13793
12061000	8628,16463,18075,21110,17058
764000	15081,18990,16300,7208,11531
5697750	2367,16396,27791,23273,476
3787750	26969,2610,19458,7096,6904
10057000	22447,239,6839,13206,15498
2182750	19643,7059,18808,1539,21110
3272000	21315,25770,11732,28230,25544
8861500	1547,29377,7389,12284,2826
5693000	2655,21899,14020,22916,12674
11949750	2198,10353,25009,12063,43
9802000	12888,24601,21501,24947,18804
4557250	21996,27228,19962,19052,21501
1381000	17958,22099,27637,8724,29099
5438000	14145,3046,16103,9870,704
9212500	14596,7150,4370,18002,14701
2808500	7560,12394,25372,24196,11679
3799500	21768,6539,1721,20862,11907
9076750	18575,17748,3665,25372,22368
5199750	679,9936,10868,489,20979
10885750	23676,21865,10038,20595,5098
203750	13799,12977,18075,25372,4728
5968250	16406,21840,13097,26516,29099
145750	3847,11578,7409,11196,1440
2132250	14159,28142,27390,743,1831
805750	29095,6094,7070,3254,14580
12028500	11196,21392,21975,18496,16540
29750	12220
6234000	21372,17020,18051,12438,4571
10513000	6147,5429,21186
11114000	25372,20386,7552,25177,24922
4809000	9193,27637,22211,24178,10072
6140500	637,22636,27869,2843,6180
1641000	24565
154750	11196,14119,569,8943,15159
12027000	24334,21865,2322
8145500	21883,18124,4949,4731,23669
861750	23284,4078,3723,28924,4731
4447000	12627,18361,4078,3627,489
9015000	7090,2000,12433,7024,5796
4399750	23207,6148,7354,5429,13266
11434750	7071,21823,18758,20083,24004
5287000	12705,18774,27514,25619,3799
380000	14174,22094,5620,1773,12329
10768750	19993,6672,4683,17592,12870
5061750	2971,27467,599
1449250	14261
9438000	24977,15019,12220,15639,25830
7898750	26894,21838,24503,5574,16110
1806750	26394,6621,20701,489,21683
6380000	24459,20327,28425,28059,6682
83250	25329,8769,21238,7989,7409
4118250	5185,6582,13749,1591,6362
5440750	19862,20045,23206,14853,970
6150750	18185,15831,4835,26523,17429
11397250	23541,13180,7762,27537,19673
2688750	28391,19814,22749,15721,3774
6683250	28641,6918,16103,15856,8816
2870250	17606,4003,7096,29363,15096
847750	28169,12728,18024,21684,25770
887500	11080,18946,25372,27509,29547
9055750	11201,18024,2960,8690,251
7494250	3150,12528,21991,7577,2199
5910250	28525,937,26605,2240,554
190500	20751,4281,18465,11190,17346
7323750	11196,27019,14020,16079,15534
11339250	6828,7169,509,13498,6287
8280500	16674,17972,13971,19,4662
6900500	6805,21659,24341,12949,29473
8271000	11280,7356,10427,14482,6104
1492500	8637,24886,11679,17653,16540
591750	5416,27231,20466,21565,17846
10112000	6839,9817,22319,18153,17117
140500	14625,3627,10480,18730,23779
266500	10282,25005,9486,255,9657
6358500	16873,504,10194
4097500	24844,2762,27334,20655,5190
8327250	14917
4259500	15315,29099,12541,11018,8005
39750	4896,16663,17058,1224,24848
4102750	20585,26843,15353,19021,5192
4503500	24193,11936,26754,14989,12220
1189000	23612,16361,27615,28621,11328
1969000	18002,12220,4411,5469,15887
5987000	7976,5621,13954,27060,15639
69500	1917,10646,17470,6352,2929
5407750	6352,3850,16821,27060,178
7893250	28410,28992,18824,10737,7208
3590000	7567,9907,28924,26874,1776
6354500	26159,25605,24307,5377
10322250	5185,18575,1880,1731,28967
6458500	8637,27791,29473,28453,14887
2006000	28008,21838,12705,8122,1397
9173750	16110,16540,13784,12541,15315
5155750	24669,7432,8173,2999,15018
1240250	2160,18392,20297,12394,8689
7003500	25090,11196,14150,28985,22505
425500	12285,8313,22094,17506,10480
10212500	12927,24788,15959,18730,15614
11782250	18002,7127,13749,17748
4087750	251,23475,26605,3627,2655
8346250	16939,6734,7015,21067,25602
5068750	5319
10653250	619,26034,18891,20180,29203
11847750	3555,10948,24447,1962,24026
11391250	28924,27998,17417,24977,22244
11022500	22319,15019,10718,24307,13450
3001000	4571,24780,679,14902,11080
11716000	15315
8555500	29078,1282,4738,19379,10741
10234000	9111,28653,10970,4039,3719
10566000	7868,3854,11204,2319,9486
2448250	12541,949,24669,21672,17423
1206500	7868,4571,5962
6264750	1415,21110,20388,3458,2826
9706000	12168,20297,29099,23340,22094
11220500	12285,11431,25830,23549,28411
1319000	599,10449,5797,21849,5469
3661500	9548,13853,5211,12754,21110
8997500	6767,19430,9656,20449,637
3096750	15315,11541,20184,7552,2815
2076000	24886,8082,16821,14097,241
4392000	2610,16527,4949,14020,21838
5082500	14020,7105,25372,5310,12220
6126750	25117,25169,15019,24977,22749
8508750	21110,6290,4694
6400000	2452,3313,15258,3536,15065
418500	18002,15138,17429,6326
528250	8693,155,21146,7096,2963
11032250	1713,18879,14363,2963,28653
7149500	2306,20645,5824,20366,14930
4712250	20902,14276,18388,5523,22530
8822250	18013,17483,16821,27068,21110
3010000	13975,4220,25372,21201,5598
3410000	12855,18874,20695,21758,18736
8170750	1966,21548,21431,10207,23143
2768250	23421,16094,19026,14930,6447
9202750	21110,335,10343,16184,8622
3114000	20536,23928,21092,21110,15259
9488750	3564
6977000	12964,7868,5334
7269750	19475,13354,16540,22715,20270
11737250	599,6988,19453,10390,17275
5059000	9195,19102,16668,8856,22327
5952250	5067,5094,6827,12285,11977
236000	27028,8637,17690,18275,9452
10642000	20536,7576,27625,25427,21334
650750	17772,16406,28059,5696,5310
3295250	15534,21490,12285
10546500	5955,21838,22184,28508
11141500	2945,16079,5464,23475,21657
12386500	2367,13087,10690,12795,24726
71250	8775,28641
5726500	23465,13779,14470,25733,14020
1165500	15423,28135,290,6805,23007
7568250	13112,12394,29304,11670,4479
6067750	23698,14447,20768,3329,24447
4804500	28465,24306,164
2050000	26866,5620,18996,11022,10702
10715500	8240,2655,21110,22029,6820
8757750	24601,26288,23928,6968,3149
5999000	26523,14666,14265,10908,26871
6458250	23475,27205,22280,7692,21581
8017000	23284,15096,3719,27505,21092
6564500	16406,11612,12977,26576,11790
3552000	24385
6634500	6571,9454,1257,27886,6981
3035250	11080,14020,11196,993,22400
9044750	27483,2945,22864,16808
448250	15911,19962,25715,1264,10043
1832000	10916,11939,7868,10151,12287
7513250	1756,29153,4078,7692,23203
6458000	1681
1517000	16302,15086,7208,4808,27205
4186500	27092,12394,11563,11196,24196
7860250	24746
371250	7620,25596,1547,10106,22889
4501000	970
7286500	4605,19328
2910750	1372,19828,24425,4039
9079500	7868,24447,11022,7208,4691
1855750	24180,17450,14261,7868,12762
11046750	7169,8637,5799,18575,27198
6272000	2803,17400,12055,6080,20180
3245250	23878,18730,22393,18075,11280
5248750	27035,20668,24375,18575,9290
3524750	26871,4491,4808,15065,17920
3335000	325,4913,5574,12747,8719
3168000	3082,19742,2240,20417
10799000	4313,19026,14533,13240
9973000	23475,18227,15158,25260,5429
3288750	3937,13518,12599,5429,17181
10927500	14580,12520,5821,12610,27191
7190750	27791,9413,14526,1538,3350
11167500	2469
6768000	16818,7827,18491
7322250	11977,11176,4949,10240,21400
5539250	7868,11983,18075,155,24258
11137750	19891,12068,24669,934,22447
8160750	15308,18529,3958,17641,11196
5911250	12352,22489,21632,7868,24825
3903500	15514,15138,27609,28605,21899
1904750	27314,9138,22484,15906,7071
6872750	20393,26111,13084,16722,22084
10979500	25372
10831750	5640,13482,8307,1006,17024
3849750	26699,21071,27448,24359,27389
5121750	15138,251,17577,679,16624
8622000	15935,8702,11125,14976,19829
3089500	1917,14020,4078,13115,15089
10816000	27334,20747
12015250	11080,14806,23604
1530250	14120
