6904000	642,10056,11849,9111,26280,26546,5267,11319
5491500	9472,20803,25989,7089,14265,25212,15390
5655250	14048,11396,9131,23669,3702,9340,15645
1561250	21511,8495,24307,14261,7096,22973,989
1074750	11904,21865,12747,14580,10171,22556,12285
5264500	2822,1642,4172,8625,26420,12220,5470
11613500	20449,28641,19881,10151,5655,7868,3390
10756500	6656,7522,15269,17706,26771,26972,14942
5034000	7465,3723,3698,23223,10584,28347,12316
1971500	8316,11000,3151,25329,7096,7004,7230
8435250	11080,21067,9549,16110,14261,23896,16540
1118250	26665,3626,24306,7061,8278,18967,18712,10970,7070
5780000	21979,25510,2291,22313,26523,10702,26160,15315,11022,5814,5912,4411,17214,7071
11225500	10176,24869,25960,23342,16463,8628,4731,13020,2655
6257000	14795,11849,23563,23628,21071,16540,12285
4631250	20896,5184,12737,29099,27052,29269,7868
12016750	15584,15784,27437,28653,18741,3647,5661,7061
6233750	3776,3458,18180,3051,10584,10948,4220,10014
3211250	6148,17706,12431,27155,27443,11076,239
6998500	29547,19973,201,3627,11983,8689,19416
11158000	12076,21930,28876,239,6738,26422,7868
8617500	4571,19973,27625,2669,28270,11280,26619
5654000	17926,4775,5896,16939,4300,528,23861,4571
1459750	20228,25830,16550,554,21393,21110,12220
10619000	18690,6918,12647,29547,23793,7572,28985
3588500	23779,4644,23782,1831,7432,18712,27251,21336,8637
11352000	12352,6163,8010,15502,15155,7096,7868
1966250	25260,16110,6672,2257,7186,3228,3678
8628250	28481,14153,26288,20979,8630,29465,15390
11612500	12996,17641,28728,18741,5848,18075,21919
8573000	6158,28049,2323,19828,16110,6328,17372
2103250	25219,22280,12394,11022,7567,28855,4220
7367000	15686,18730,11083,11888,7061,21975,21336,17945,155
6523250	7105,17060,11685,11196,14020,4411,16540
12215000	12352,15639,6672,9363,18743,7868,8637,14942
7218000	11201,18630,22317,21936,2421,7096,24669
10578000	12736,20896,13778,18227,14073,26523,29213
11129250	9829,11687,11280,14577,14580,949,16409
1104500	14294,21110,2257,18678,22583,22393,11196
1629250	9120,24196,18024,29099,21392,19891,24601
2078000	4644,7622,17449,14446,14902,6839,24669
2316250	26288,26546,23475,20694,28535,9688,9657
8163500	24608,27458,15022,2257,18868,9502,23103
7687500	14498,16453,3174,619,12364,6737,12182
200250	12352,5856,25570,1831,9620,12052,17556
7588000	7105,25839,28653,18575,10329,28975,17470
9720000	29442,21092,13830,2771,19894,26871,16315
42000	11687,23656,13390,5557,29528,11578,8890
12065000	24196,12453,14120,6154,6480,10999,3228
1727500	2787,7812,27334,4452,9563,3228,28669
5846250	23115,4750,17747,14766,18200,19993,15805
8149250	26464,12162,5011,10933,14294,215,11196
10592750	13093,646,25488,8689,28794,3804,15934
7699500	23928,14182,9802,26127,11793,5848,1546
5865750	11652,3228,4238,28177,29331,28937,10268
11632250	24196,15773,4819,25022,12220,15389,1758
4475750	20551,18024,19113,3719,20536,2227,13592
7269250	20578,26180,2729,27791,24571,10895,23295
5078750	8483,25669,554,23628,13592,7260,62,23071
10598500	11776,7105,155,24385,12394,14165,9563
8072250	14020,23143,14894,12977,6098,526,11196
5959000	11328,26722,14153,4078,27791,6672,2683
4658500	11330,25960,27625,17453,21838,25917,12606
5170500	14020,19973,21672,17581,18805,28410,7868
8111500	454,23878,11080,11018,527,2257,12790
1617250	5667,2217,19405,27791,26546,18002,7061,23284,21919
1661750	1731,22342,679,2729,9802,3151,3324
6247250	15814,8171,28626,22736,25618,16918,18874
9906500	11328,5185,155,23656,12394,8689,26298,28411
8216750	11328,6401,27952,14065,24281,9369,12285
11111500	27791,2257,15091,25142,4216,12379,25372,14623
5915250	26785,15138,18472,14242,21110,28087,444
12154500	13226,9549,15086,5470,7611,17214,9471
10063000	22889,10893,20207,2257,14930,18805,21110
5279750	2368,10151,22313,27435,29269,25211,14525
6683750	14818,29551,24977,24562,5267,10169,17945
1338750	993,12586,6571,845,9629,12410,13450
5769750	18731,143,16818,16116,26614,2455,4440
2733500	26464,22529,6148,25260,22094,19824,13272
2253250	23525,18730,527,437,155,11196,28189
2920750	22400,15946,12285,8669,22359,23407,13757
11503250	11745,26722,3755,17260,8878,21967,504
8096750	28641,8769,21672,23628,26288,24887,22077
7892000	29225,911,10928,16913,14194,5267,1530
7785250	12132,11790,23928,21657,19962,19514,7071
4922750	18465,25733,2669,20701,18489,18013,7263
4850000	12512,614,19980,1428,11605,4794,4731
3952000	4648,29099,13998,19837,21844,9111,25917
4852000	15584,12259,25352,20584,29146,282,7038
11313000	7456,21865,11018,27406,3228,17013,11196
12231250	19539,12173,24274,27155,28149,10329,5529
1710500	28065,7868,29547,12977,2729,14780,3228
1244250	27458,4324,2764,19951,624,27670,28183,1691
746000	7105,21865,6571,12435,3032,155,7613
5906250	17446,19217,7975,27791,20529,13784,143
3293750	18075,17636,17829,25193,12758,26523,7070
3054250	11931,14020,5448,3151,29203,9563,12285
12142750	15019,2375,10760,9834,29099,3536,14486
3520000	7105,1700,16846,14415,24434,23928,3999
4606000	15120,25372,8911,8240,5848,9499,3228
10713250	22823,617,6951,19890,11220,10678,22633,1031
3781500	28842,911,241,28117,15606,27161,4125
2891500	7467,3627,819,8724,4949,13240,255
2752000	22179,19405,12243,3032,14074,19772,5043
10521000	17920,19105,21315,15761,6856,9472,10225,18612
299750	3719,11080,8528,24601,28410,23612,3034
4215750	23656,17356,1037,26127,23928,21085,7230
9694750	10914,23656,22508,9838,911,21233,15383
1086750	18977,7184,11080,9899,3536,28791,1084
3625250	18180,20549,21110,16085,26614,5625,21372
4153000	17921,21865,17835,5043,9111,21883,9567
7797000	24066,6571,10893,6447,12754,6263,10745
854250	19692,8943,15345,22547,26516,24601,9881,7868
7306250	679,2249,28754,2099,22359,24379,4691
2823250	11745,8689,2410,25329,2610,9111,15498
4770500	10404,5797,4808,20297,6988,9165,18075
393250	22306,17319,13093,519,11176,2891,4949,20154
6897000	7626,4300,18544,24177,4052,23223,2783
5108000	29547,10193,29203,15094,22359,4571,22556,4254
6807250	7233,10646,5712,13394,8630,5529,22393
11579750	23841,12132,12688,15217,8410,11196,8702
5226250	15907,10726,16302,26416,8689,6840,24669
3723750	14020,1831,21672,20846,12271,3406,13247
7002750	15584,7868,1831,1481,5081,16540,2270
341000	26722,4003,17958,679,25676,23407,25840
10229250	22179,24869,18289,8689,21593,24541,23774
8216500	28481,22916,14159,25329,22552,6148,25308
6301250	8226,12271,14292,11543,8637,25917,574
8195000	5185,21672,4078,8943,18024,28410,1758
1792000	23623,13390,12307,9301,20630,16540,23214
2874500	14914,7910,3047,4172,28370,6203,7868
11601500	11080,27785,6190,12853,13240,6299,12220
892500	10306,17446,23403,2669,239,18741,18805
5261000	15308,8786,13592,11410,24788,3766,1591,11000
10818500	9030,4618,25260,1038,11573,5334,17855
7034000	22887,3850,26829,13265,29203,27153,17402,14266
3592750	8704,14694,29547,5836,15405,8689,24601,7868
1046250	11396,27791,2257,18196,10678,4571,6621
2476250	23202,23779,8684,21326,29231,12988,21950
4852500	10151,5297,911,26288,11665,16500,5848,3775,24541,2929
7375000	11201,3937,27625,16463,11857,17429,20184,25309
4059500	24196,805,9549,16463,28465,7868,12159
799000	29099,24553,16331,25839,24341,21946,27791
7435500	7975,18024,27950,16944,178,11604,24886
4625750	24869,1000,3151,26000,22321,25366,11734
7163250	26595,8689,22609,17748,19702,20154,9567
3549000	5184,24869,26598,12395,14261,10872,5285
8869250	11203,9317,28230,11623,15018,8689,17846
4184250	10788,28710,12220,8689,178,4949,11196
11169500	19277,366,19217,2198,953,4220,10014
6258500	12068,934,1293,28180,20471,1432,1917
8529750	16609,15138,26883,23013,9702,18026,22583,28059
11957000	23907,17060,21995,12977,16818,21078,17242
1758250	28481,6947,6571,2764,28463,12560,3091
2921750	11201,7105,29547,12754,15446,4919,15934
9512750	20800,23779,13285,28135,11080,4239,21593,19903
11683250	24704,1249,24196,14603,3886,12977,12541
9513250	20800,18024,9195,1008,23861,23928,26394,414
11923000	11328,13607,18730,19636,14261,3032,3228
6874250	12747,12168,13483,18805,14265,28410,17214
1579250	7105,21160,13737,4078,9906,4953,8698
11616250	11776,12033,9829,21672,13450,27600,10710
7715000	19394,13795,11790,24978,12759,6680,7868
3644250	29473,20388,14661,4775,16406,7127,4381,7230
8100250	12352,7105,14631,14952,11543,7868,24447
11984750	12352,993,21796,20425,3627,15502,18544,24601
5011500	23779,23013,22280,6219,20180,13749,11196
4025000	9894,18024,3627,23793,4571,12220,17437
8040000	9792,8257,15138,21796,10151,12994,239,23285,17084
8792750	27939,7019,14416,29547,5598,25883,12606
11761750	11524,9765,3913,3886,20846,26619,5086
9199500	7105,4578,20803,24969,29099,4081,3228
4907500	24196,8965,6374,8775,9709,5712,11060,11196
10628500	18736,7045,4039,15784,27117,398,27791,9392,13784,5652,9846,21336,26972
8123500	22852,26059,12941,14931,23251,1591,3390
2788750	24907,23628,10702,18515,7096,3804,3647
4423500	24193,21515,29490,4147,9111,8662,11543
9592500	676,11080,26665,22505,11573,23241,18271
3304500	4931,3592,17228,24461,25169,13554,3804
10492250	18217,20045,23662,28752,11061,24984,12606
10533750	19974,13451,27346,14261,10646,17945,3032,24601
5320000	18692,6167,17040,24977,1273,4452,20388
5812000	4039,17641,679,19759,11465,19993,20506
10592000	19973,6951,16429,2257,17846,1335,12220
7854500	7552,11080,527,19217,2421,7323,4949
4378500	22947,20388,23782,11857,16100,13020,5661
9586500	5799,10620,8860,10795,24601,17401,7868
7886000	5094,24966,13556,1712,22420,15799,25177
10261750	19394,14533,16331,28270,14261,8278,21657,18805
7143250	28641,10404,12865,22087,13784,29203,23896,7613
3288250	19394,360,16110,25651,4750,10714,6395
5139250	1731,17959,18183,911,23826,24955,26716
7060500	29388,3384,8692,13461,504,19005,26655
8523250	1731,16110,18544,7827,3032,14458,25500
8633500	5833,28111,8148,15065,26394,255,1950,8767
9716500	28065,11465,29490,4949,20694,6908,13086
154500	13830,5863,29197,10353,8689,21110,12977
11747250	17959,22218,11244,9525,16918,16154,24892
6003750	23013,23628,23698,15414,8792,7737,26618,7868
6852750	13888,27906,18180,7208,7822,4949,7356
472000	23584,6211,23748,25333,14647,3515,21565
7921500	12674,22556,22583,15534,17327,28087,23612
10588000	14020,16628,3720,9295,25012,9209,17599
7184500	16939,28463,6352,10193,2899,4571,21533
11440500	20608,15584,2179,1803,26576,16540,6571
6694750	14020,20456,27149,3151,24196,20253,23007
3031750	16406,16110,18131,13878,7323,21565,11263
1782250	12143,18024,24460,14415,2568,5845,155
2168250	15200,17732,21838,21683,10718,7868,27133,5662
4256000	16331,14153,17771,24944,18741,3324,23019
239250	7616,28481,12647,18990,9842,16854,8603,19742
563500	16939,5260,21838,9620,23928,14073,10778
9394250	28899,17060,19014,14894,29203,15390,17087
3963750	3809,11330,13737,23662,16624,23475,11864
12239250	5856,20519,21838,12271,26288,25618,15838
1324500	6305,6980,27927,2198,10647,10404,7868
4037500	21217,10948,13036,5230,27407,26614,14523
3719250	4960,18624,3362,18362,125,17150,25631
776750	26699,12717,2128,2963,18388,19829,20695,21146,3228
9123500	10176,15138,26789,14694,12168,3433,7080,18678
4921000	16672,28418,19974,15534,24015,8689,18990,3032,23549
8940500	24172,21838,13784,23928,251,25917,2655
599750	20386,20297,18990,10097,18072,9657,12285
11936000	28641,10948,1962,8494,21393,28470,13020
417250	12068,3627,9549,21838,26800,2513,3190
8243500	14048,4931,24869,949,18075,11196,4479
12234750	21632,10176,22126,949,26614,29465,4510
8910750	11330,29078,12688,26614,18167,27514,5598
7361250	14922,16396,22893,8719,15352,28410,24541
8799750	679,12018,3252,14261,13592,20826,4571
3795000	12352,11687,21865,29099,23143,26127,24601
8528750	11196,4302,27791,16913,15315,15672,3228
6571000	12162,27052,1773,13878,27543,12252,4254
1148000	15584,3584,1831,622,13552,14266,26429
8156500	16420,19974,6665,8842,9620,2198,10999
11874000	1282,18180,13844,10014,4220,4510,11679
9039750	7105,3228,1293,14580,15639,11196,13087
5642000	9985,7812,10726,11080,16009,11176,10840
5254500	12717,15918,25488,15478,24601,18072,14393,22043,7868
3981750	5185,23143,22280,25386,27791,15602,6520
4886500	21092,26789,1831,27149,20146,18805,4953
2968250	4578,18758,1831,11624,27625,16463,17331,18805,8637
4880250	15617,23143,1831,16463,19217,3382,27096,17405
5037000	20803,21067,21140,19416,4571,7868,22077
1531250	22179,4676,10247,22442,7026,12216,23338
2940000	26722,12168,14580,11767,2683,12220,25086
8730250	12068,28453,28876,911,530,8278,1119
4895250	9152,28418,23779,20694,11638,1335,15423
11535250	13984,23143,6024,12394,22989,16463,4410
3266750	3168,7045,5416,26318,787,13749,12220
8649250	1547,6571,25830,18024,2826,16939,29203
969750	6747,3047,2669,2963,15159,17823,2367
5754500	16836,10282,3954,23214,3665,25618,8307
3684750	12033,1831,6728,20297,20846,12431,16754,16463
11590500	10404,14821,17606,17512,3308,18741,7868
3148500	155,28270,28561,22126,16217,12795,28508
2797750	26561,8533,3658,11790,8689,20595,28270,927
8049000	26180,4582,1704,3850,5067,14319,22749
1441500	12033,743,2826,2791,27508,12670,2846
7600250	25570,24869,11176,12758,4949,8662,3228
8745250	12033,3590,15883,23086,11447,5848,7706
6751750	20419,7208,13737,26699,28463,22522,3068
4967250	24385,28391,3528,17642,12431,2033,7868
3249250	22240,28641,29099,9713,26676,1237,26394
1181250	16169,22749,8339,18932,8058,29213,27390
984500	12977,18730,20718,27791,2513,19539,28985
984500	12977,18730,20718,27791,2513,19539,28985
267250	10690,21925,20297,18829,599,13787,5053,11679
3742000	7297,23656,14482,21847,5336,13020,11357
691500	19328,834,23013,14119,22664,22547,8764
3954500	12162,28803,26315,9838,5585,931,18292
3344750	28463,3313,18290,17748,7542,26333,5310
1906000	2438,9532,11448,2683,16540,12285,9567
11730000	5443,422,1446,13390,471,13787,17181
7918750	18275,11652,9802,26959,13749,7479,24541
12015000	22240,15138,13097,24977,26900,5176,27028
9437500	15584,15718,22280,489,23563,7208,12168,28662,14360
3404000	18273,6246,905,3627,27791,29,8446
4370750	7168,17024,17058,23628,4078,15638,16343
7450000	12352,27791,12977,20661,2872,19962,8637
10840750	9472,7105,24385,13672,29099,8689,21565
8033500	6113,20996,2471,12489,16939,28653,12435
7320250	28790,934,18697,12300,20466,4694,19897
6754250	1831,28936,27501,12977,4281,20152,17945
8848250	24704,6029,3534,8081,11698,29203,12022
6849750	12161,19394,6757,4819,24886,2199,27928
5082750	17280,20449,2059,26631,29547,6740,4795
5239500	15138,14153,23407,23928,29203,14360,318
9842500	12576,19048,7868,21995,7380,15672,10908
2251750	23143,29385,22727,27446,25177,13084,23549
38250	15138,10051,2694,20626,17590,11447,14265
364250	14545,16079,11679
2428500	17153,5410,22915,17640,28332,1396,24471
4844000	12899,27396,11176,12220,28362,24196,7868,5598
3581250	22126,26546,23214,5848,23482,28411,5086
621500	29099,20425,3723,3308,22034,6326,6143
12004000	17191,15307,18958,16463,12754,10452,18683,16540
6412750	17060,3719,7208,14580,5014,25092,12666
6015000	24323,24170,17034,2570,9053,27092,9885
848500	6467,16406,23628,2000,24977,259,7286
10069500	18084,6665,21838,8978,10740,15322,4571,8637
2378500	14153,14795,2669,23774,18937,3228,17470
1724250	23236,15269,9544,20425,17450,16176,10097,7868
1140750	5736,22313,2251,25651,27060,6741,14261,12541,17823
65500	18736,5443,6152,29099,28687,21840,29202,2452
5024500	13888,15138,9802,528,12977,21110,14265
1985250	10176,18075,12996,21865,4339,2394,28059
9982500	20800,9838,1392,9369,7610,2683,542
9463750	7105,15138,19814,26758,16406,3677,25733
2771250	14694,28744,2513,2963,1494,476,12606
6713250	16768,27625,24344,17177,18879,1758,2367
11939000	2176,28230,23409,25596,2257,16470,27257,23260
10774750	1577,25488,20338,23900,22749,14942,27199
6766250	3977,29547,6988,27791,27186,4307,9109,18805
764750	11776,14153,26988,29203,20425,5403,22749
10309250	9472,11329,5043,18996,11734,10999,15192,14942
11494250	12352,10144,8676,18805,16854,27513,11196
6172000	24704,13888,13411,2729,12910,25651,13878
7703750	3651,8278,3626,4958,7542,18075,6398
7445000	28059,12790,16463,4913,5429,21110,18075
6619500	3627,5221,11465,21067,15089,1917,15934
4533750	24514,4324,11431,9392,29362,6868,10970,10908
7927750	12674,26341,12680,26288,20279,3032,15065
10773000	20608,14922,11889,9846,2999,28124,19615
10264750	7552,18689,14930,29203,5613
3149000	13162,9804,9486,29008,24503,9817,4794
64000	11080,12394,18895,23656,6805,11670,2455
12204750	6571,9053,21681,17812,13911,7963,21533
747500	5210,12606
7383000	25372,21838,27791,13971,7611,7868,25309
5143250	12736,29547,18542,27567,14482,26614,26394,23549
4317250	18628,3398,22029,12173,5619,21110,12220
6334000	28784,10627,9413,10503,1672,23120,27041,7037
6497000	27522,20902,647,20747,20529,11923,7927
11972750	7936,4846,15631,17972,954,7260,21693
2480750	22946,143,15249,20979,23669,377,22843,18172
2148250	12160,15874,3273,6868,21110,1972,10014
12337750	13888,21092,554,23662,13592,19196,9994
12384250	21865,3658,5458,21747,2843,17277,10718
6155250	14020,27653,7850,1773,29203,5015,4220
11321750	28481,21672,29547,19891,21684,7997,10879
6515500	24015,23340,6319,23251,8662,21657,18235
2350750	7248,23779,25989,24385,25386,1712,24788,10840
573000	21796,16653,23214,7473,18868,19962,19615
4716750	25318,29202,2963,21110,13784,2683,25820,8511
10224750	25960,1481,9549,21393,2613,25526,11679
4376250	15631,21225,27407,28368,12790,18281,16155
9394500	29472,23781,15018,26546,20661,11670,26712,18491,14588
10095000	21092,19973,16624,12977,16500,14261,8278,13494
2975500	12352,19745,16406,12680,14153,14902,5086
1793250	14020,679,27625,6927,2033,4949,22393
11121500	6597,18024,20297,15799,8530,24601,13049
10933250	10404,26758
791500	8738,3627,14712,10329,21050,16606,24831
11496750	22016,28898,9829,2695,747,3534,20101
8701250	9953,19973,19974,18805,19767,1884,14525
10972250	24892,23779,16396,12491,18697
3226500	22240,23267,4230,27791,11954,23863,25372,6621
6957500	24417,2374,1065,22029,16722,9111,27448
1688750	22499,14020,3145,7248,21110,19671,8122
981000	12737,14020,4997,14153,8689,8662,27160
5901250	11073,12230,1010,14575,22482,7262,12606
835000	14048,7990,5848,9912,16722,21462,1752
7810250	6880,25415,16396,27791,11225,3740,8637
12377250	14020,5799,3151,19023,18075,22556,24447
3312500	21217,27302,7105,6505,14030,6895,19993
2200750	12674,2610,26516,8630,24506,12285,2655
711500	4709,11052,13682,14360,11578,22330,17118
5354000	10948,13450,18990,26288,26546,4595,10014
4454500	15138,15019,26699,27117,28653,28184,21071,4059
4620000	19908,18822,14119,15661,4078,14486,414
10393750	2437,12870,20300,3438,29265,17531,7868,4479
11362000	14496,9609,5330,8693,599,11832,7868
9979000	3627,25260,6096,2257,8628,251,25372
3014750	4551,3228,2353,1147,7868,18558,13471
9244000	13442,16836,17393,16177,14227,9972,13471
1063000	28481,24196,20551,22280,24929,530,22749
6996000	6305,16067,12165,24780,6255,13754,27198
8230750	11939,14469,22505,25687,27181,24841,7868
8353250	27205,7560,16331,3438,26042,22204,7230
9436000	23590,6571,17680,29203,27060,504,4731
9163000	11080,7977,6571,6096,23475,11482,5594
6848000	23622,9671,5454,8816,12977,24601,26619
11734000	4834,7747,679,16296,28985,14490,13084
8845250	14020,4039,12008,13962,16722,11826,22484,10133,23928
8248750	9829,12394,2123,4846,9489,8628,4718
10966250	29224,20456,13039,8689,4949,251,17087
2756000	21092,13773,15344,11347,2198,15320,25565
10047250	3555,12132,21990,5962,559,8976,13978
10297000	25058,20584,2410,6988,5908,18075,6698
10000250	28256,17153,6171,6438,19974,9563,5598
1812000	19814,21628,11196,29077,16406,28410,7868
7830250	4102,5779,17237,21336,25372,1918,20127
4004500	19686,1831,18281,6571,15315,4949,5211
5847500	29505,27458,22280,21865,17995,8978,28504
7483500	8384,23331,420,21865,9486,18864,24841
10054250	8425,9226,11159,19660,20297,10970,4667
2737250	24385,27625,15315,9620,24053,6665,4281
2232500	24929,4683,11060,11000,26516,24986,6431
11564250	3723,1831,25483,9140,6104,14969,5087
1446250	1155,20297,21852,18712,23482,700,14525
1622500	7522,14020,19179,24911,18771,8148,19381,25086
7016500	24193,6820,7560,27407,26546,10616,11679
1911500	21815,3627,16110,8689,1047,11196,4479
5226500	3627,11687,25099,9613,8689,22484,7868
5751500	24869,2033,24878,15896,5268,23928,14873,7004
2033500	12352,11176,11465,3627,16110,8689,4949
8314250	27618,17770,4834,25933,4626,19416,11196
887750	26754,6148,29225,15019,24764,15934,3135
11896000	12068,15302,3176,23731,16564,13853,19166
9351750	17921,28930,3627,993,2891,20626,14580
10185000	6051,25770,17582,27448,11029,6104,19294
10845500	12512,9985,17060,23526,28631,29497,18075
9782000	6724,18758,3151,7248,29364,14902,5367
5608250	8358,14278,27785,1547,21110,28087,25883
5745000	26737,11080,18730,9838,2257,20658,4571
5012750	2208,14818,10893,5043,1335,11196,8799
1194750	12737,7400,83,7827,25366,4059,7037,23103
1459000	6147,3720,25260,12977,6290,28308,26614
9782500	5856,7975,17550,6352,13588,18743,9912
4063000	18689,6148,19974,14573,12055,27707,6591
6700250	11176,18575,7957,11578,24158,23134,4949
3009000	12964,27117,21840,8724,11000,22393,7230
725000	20902,1831,17835,2257,14482,25372,1630
1909250	18180,20516,24645,23470,15992,6326,504,12729,4411
5293250	3995,22583,15672,20506,4571,12220,11519
5898500	7105,26722,17732,23433,15921,7637,11573
11340250	23233,6215,12394,241,25329,19379,14294
11527500	27791,16884,21110,5305,26619,8637,2655
9420500	2826,25372
1365000	26789,679,11018,14580,7704,1884,8191
861250	14451,18730,5712,29203,14294,7963,25372
10976250	743,12489,1533,27888,7354,12285,11679
8215250	18251,20846,25329,7827,14261,19702,25372
4956000	28675,13450,23662,15315,14580,21337,2042
3913250	3626,4235,9230,5845,8409,9242,9948
6099250	11397,6246,13244,15661,11823,25372,10014
7568750	3458,1831,4329,2891,17087,12285,2655
832250	1831,18024,26670,29330,22963,28859,11196
1528500	5799,22280,26546,7248,12977,28370,22749,23774
1525000	11687,3228,2257,9620,11573,24601,11196
4115500	14470,1222,18024,2826,6731,3888,26619
3317500	7105,8261,11864,17657,27514,1917,8767
5742000	25248,19523,10694,25261,8238,29465,20668
12388250	2945,15298,1539,28391,23793,18712,4538
6061250	22113,16463,19632,22577,8628,22359,28985
10944750	13451,7150,28752,1461,25687,19673,25372
5336750	8965,24669,6096,21427,13494,25272,23251,5043
8430000	27328,23779,17771,13070,19962,25372,8637
10443000	19466,23628,1392,14482,13460,28378,10570
8909750	15681,20803,21110,22342,28270,24054,28631
7103000	5574,11080,13737,12586,15019,23662,15423
2492500	10464,20083,23969,16939,20979,11124,26655
6250250	4039,5995,4078,16564,12022,26426,12541
3363000	12736,15138,3627,25742,15315,18868,24158
12417500	16096,10082,15173,17959,18024,29099,12717,3438,8689,16913,7963
11307500	24944,22946,18167,5264,8628,22359,27711
9651250	26754,14727,679,5639,4750,18672,1598
9121750	25733,5799,15946,2000,11029,18805,15935
6299000	25830,11080,1481,18730,7090,13779,6908
11947000	15233,24417,28967,6505,2322,13103,9522,23482
5994250	3552,3555,18180,15655,27625,8816,11396
2322750	25920,15138,17060,1355,18834,10893,12754,19897
4193750	24929,23779,17959,24296,26699,398,21657,22843
11493000	12453,22727,9072,8689,4694,7868,1533,14661
7476250	24907,15019,1037,13873,23284,4571,29099
9069000	19937,15302,3677,19217,24534,22393,17405
434750	19394,16972,12656,27511,6104,4571,3228
7976750	15203,19813,27849,25483,19885,26806,25372
9344000	23936,611,25511,14795,22094,18555,7071
12229000	28128,17158,17389,5328,15960,15546,29148
4336750	24059,5863,20846,16463,19217,29203,16155
6780500	19394,25676,10893,12754,15637,1438,25474
2676250	4739,740,15527,4970,14535,16112,5267
9794000	10368,642,17835,14626,9301,24886,26647,3197
3350250	1672,19177,25420,14413,18736,3409,3384
567250	7105,6051,24616,21838,949,7868,1237
5110750	26114,1739,28399,5590,7096,3324,8414
9807250	26699,6096,19890,18905,7868,21885,25086
11131750	29472,10726,5738,14482,17647,882,915
9839750	11328,647,18281,8719,18167,28410,22524
10119250	12352,20425,10282,6326,22330,7868,5087
10052000	7680,22280,22126,143,11696,3093,21110
10915250	2504,5254,5640,12395,10861,13873,7868
8324500	14020,7943,11452,16887,9848,9657,22204
232000	12133,18791,21865,16311,16406,361,7868
12173500	554,3627,15405,1325,28184,9817,22607
1699500	26561,16716,24715,25260,1613,12431,9207,21086
9179500	17835,27637,26614,12220,17629,17214,29375
11552750	24869,5094,1481,16011,20630,23448,12220
6848750	4163,264,13354,2891,22894,8689,4307,21336,202,7070
9671750	24385,26722,14119,2826,23122,29203,7868
11558000	12674,2442,21611,749,6290,24307,16788
2852250	11682,4647,21706,2251,8020,13080,1918
5735000	2257,24073,11280,24977,16500,23549,5470
282500	15617,1962,9899,3697,8818,12055,2683,3850,27135
5522250	7048,25260,2257,15315,4949,4571,4479
3573750	26660,11176,778,25260,23662,11670,15831
6433000	9824,18149,16396,684,22971,20572,17087
4256500	13254,22280,2410,12588,4694,3800,19897
2331750	27179,11201,29099,24385,7179,20626,22126,9458,19539,953
317500	17851,25260,22029,16110,18805,4571,7868
5292000	21345,23779,25669,19974,21672,1131,11670
10064500	6820,25830,5799,12394,29099,8269,28466,22583
4782250	679,12142,10193,9658,5724,10778,15359
3257000	6080,15534,10226,13592,8122,251,15934
1499750	28032,739,1831,21738,16079,5655,8669
8949750	4808,2217,21962,7086,29232,16818,17438
10312750	12352,20164,23783,28201,3627,20367,12886
5465250	5377,23554,21865,10603,26114,4339,11382
2988000	12132,17133,22482,22131,15828,12606,1822
4547500	8257,6918,26694,10151,8173,10710,10617
1114000	14818,1827,22052,22356,26678,4731,8188
11646500	5474,13585,15153,22706,12949,13975,29084
47000	21985,20449,13099,5487,3536,18835,2999,23549,1950
5962750	16800,7105,9640,5803,21838,3228,1950
4054000	11304,24088,9090,20121
8666500	647,20648,17671,1644,11790,15672,25791
4902250	15904,4709,27111,14794,8207,2323,14360
12371000	25570,24517,17767,12394,23896,8628,11543,16376,21372
4195500	20694,20456,9802,18097,15315,28662,12285
2138750	25415,14120,25260,11029,21334,1950,18805
10401500	18465,22950,13258,27791,8816,20979,12189
980000	29099,19974,5962,1739,26894,6548,3228
3215500	10914,4259,16550,9645,19029,12123,12220
3977750	17060,23273,21869,1461,13975,25596,17087
3675000	20338,1138,15024,16722,8851,9563,1565
3751500	5442,20300,10193,23284,3866,28411,16540
6654750	1415,11687,16110,20180,25909,6299,14261
1767500	14626,27977,619,15661,7409,8978,20180
9811750	18183,25596,10476,20796,10969,12220,10014
2364500	6918,20471,21865,4939,16476,12329,4571,6908
3310750	8689,15432,24083,14952,11176,25086,23774
11625250	18990,28017,12022,7706,21628,21565,2655
2088000	10949,13247,617,15019,16556,19540,2198,21883,13020,25349
10654750	27272,14991,29008,20529,7314,12212,25214
7787500	17739,20071,16009,17617,13323,1831,17771
2187500	9953,27394,23628,24780,6158,7990,16376
965500	9671,26378,12056,2963,10646,18712,24411
8385000	7680,18080,3458,1548,8528,23284,9111
252500	23656,18544,15089,23826,18805,6199,14011,23861
3326250	614,9479,9389,17232,10866,20154,27389
11300000	13701,18024,8689,2963,8375,13307,12063
11142000	12352,18180,5833,4939,1493,28378,17407
4853750	22240,14089,23473,19955,5595,25596,12223
3895750	12933,1743,12475,9724,5469,12606,13247
2557000	7105,12133,18251,20850,4571,13020,24541
745750	19339,24869,4775,29099,21071,26699,3228
11631250	22504,563,22482,22131,25332,5598,10302
6572500	14182,26378,29099,1582,3406,8311,17945
3846250	15584,12352,23143,2826,8719,16722,1080,11679
3405000	26722,4389,19974,18672,19027,5015,5470
12331000	11330,18180,7542,21739,19540,26614,21758
8102000	768,18213,21110,26614,5591,2683,10079
5256500	15874,12165,614,20679,6734,13909,11612,3775
415500	194,28694,554,21442,3151,7542,13017,23164
5467250	679,19277,19252,23157,28441,24922,8763
731750	23623,22505,9195,7692,29008,15924,28631
7211250	21092,23656,29099,2960,7061,26742,23103
11711250	20617,24942,1392,10866,23861,9609,21338
11894500	15138,20388,9512,24009,9548,16110,18564
2198750	13216,9250,24419,21110,16550,18024,14294,13054
10790500	7105,22889,22126,1170,22547,10773,24892
7345250	15138,23656,28270,2513,27060,5845,10718,2750
3396250	15138,5539,4078,15534,29077,4953,25309
3216500	28992,20548,26121,2963,18697,21146,8028
9946250	155,11688,21865,12754,2899,21091,23241,26619
9628250	17058,23779,20388,18024,20750,10866,11767
9352750	5036,17133,12977,6548,28759,17912,18075
4680000	16672,23013,1831,16463,27899,25372,28382
5828250	9031,4808,6988,16979,599,21849,2963
10477000	23045,8007,18926,14863,5912,27151,16222
4304250	27328,24929,1155,679,16846,14226,14902,10999,7868
1620500	28774,12230,14887,5833,1195,23735,444
11701500	17760,16481,22052,24737,17641,4366,4281
1838750	27460,5799,16818,27060,1397,21110,8637
5238000	3361,15138,21833,15018,527,9620,2683,11101
4073250	17153,12271,13592,22836,27415,12792,9946
10257500	29284,10893,28568,4281,10106,22556,17117
7405250	20196,6246,22958,14930,15125,14393,19835
6266000	15584,4939,8689,18292,20950,22749,23774
8702500	8257,15138,23779,617,24780,9486,7868
6014750	12674,19596,28653,18771,21462,29048,12220
1047000	7954,10795,5012,21110,18095
405000	23241,26698,16140,15661,1135,25372,2655
11772000	13793,5094,1966,3185,13464,28412,8094
1173500	8257,8049,5848,15661,23928,7606,15192,15931,5598
3511000	19651,14020,29203,18196,23620,13020,11263
9278500	8965,7847,18632,8943,26546,24307,22911
4963500	21092,25372,15538,15534,18002,4411,16572
2626250	27458,28230,11176,2826,16077,20206,5598
5440500	11080,21336,5043,12118,25272,17945,8637
4876750	14150,11431,12394,4080,11378,949,20536
3075000	6592,5995,8684,4813,15918,26614,6908
10018000	642,25252,19015,15874,27791,5429,20343
452750	14020,19973,17352,21865,14796,12110,24392,11060,14581
4035250	26633,6571,3185,27539,8630,9340,3423
1025250	14119,4938,15883,4014,29203,15159,509,13247
82250	14531,18697,4300,26605,23066,4763
4809750	23779,1831,6571,23884,679,4366,11435
1724000	14788,12168,7868,29099,18805,10521,3228
9215000	6178,2436,10097,8651,1773,29425,9242
7116750	10308,20952,14930,23669,9912,19514,12541,27637
5899750	16550,21672,18730,20207,28059,12220,11679
1953250	3658,23984,20918,21979,1788,12394,6783
9103250	28357,876,20055,6655,9563,12220,2655
6603750	28929,3844,21110,10967,16988,2621,7230
1838000	12283,16906,21971,2963,16979,11259,21372
3861500	14533,9899,11983,4949,20470,1498,24603
1247000	25635,20548,25381,29099,2669,5043,11573
620500	26114,934,7975,18572,21840,10646,4571
2882750	14240,11330,4452,21672,29225,3390,16670
5052000	14406,7868,25299,149,12220,5150,7541
11283500	14119,22889,11018,16463,10680,12220,17181
11687000	20359,27400,10543,8689,431,16476
6412250	1672,13354,3723,25715,21110,15159,7260
10609250	28694,7409,5330,20979,8693,19702,5598,21919
3734250	2432,12160,4418,6864,10226,25299,28348
7657250	4452,29445,8236,25556,2043,1756,7997
5957500	9824,24966,27741,8689,29203,19514,8637
8070000	27044,18611,18024,29197,25488,20595,10329
382250	4103,12840,5740,2713,22393,25372,29022
1815750	6245,28230,28391,5067,13998,2160,16722
10185750	1415,9290,9838,911,2257,3438,14806
309750	4545,11524,15365,28653,12431,4307,20055
4047000	7105,29446,7208,3983,26737,18712,12828,2655
6571750	993,9193,14580,155,16540,5661,20158
11751000	10404,19431,28297,16564,21110,6948,1438
10539250	14020,4486,27625,17835,1461,13562,2812,8702
1934750	18946,27046,6828,21838,12528,12977,19514
4189500	11396,647,2251,9165,5912,11677,16126
4133750	1831,14248,16754,14451,27638,20127,9919
5027500	6274,28357,8390,8236,2835,20184,15197
2704750	16483,5764,3658,14417,22359,13592,11547
4994000	14020,1852,27373,10097,12729,25596,17087
6205000	17153,9195,27470,10352,1461,9948,17214
6867750	12259,14020,11175,4078,24788,17013,25372
9288000	11328,6401,19394,6352,18353,19702,10999,2971
8060000	26408,19882,111,27544,14554,2826,14942
7545250	3329,13891,29099,14381,21911,3228,11679
8129250	16323,28617,25260,18097,22999,22489,7868
11794250	1218,14025,29099,28653,27092,12220,22365
2386250	6880,9953,26754,1008,948,7061,24507
10302500	2626,23235,28164,14567,12162,7409,8689,18167,14065
3282250	19126,23623,29099,11857,23475,2739,27638,11357
2807500	18024,3817,27117,12688,1010,18741,10014
10696000	1666,10635,14887,14153,1995,11022,24440
5980500	3650,23814,17959,13962,14580,25366,21400
12008000	4960,16331,25618,17647,24274,20979,14261,26618
6921750	8193,19458,622,29497,28954,19197,2367
3188000	4993,18025,16463,17429,26618,2655,24858,9567
11078500	28391,18024,14153,26860,9549,6290,9275
11535500	11196
19500	14048,20551,27946,25933,7096,19421,5086
439000	26404,25415,7868,16821,2198,24060,12287
139000	679
12275500	17032,21930,7572,5429,20184,16348,23134
8051750	13762,8389,13737,21911,29389,20297,12220
1110750	20578,22499,6951,3458,2356,21110,3101
9035750	26434,25381,7850,6839,19973,20661,9881,17977,4479
4257000	11176,27625,15089,23475,4949,12329,4571
3892750	15138,13020,2898,17747,5429,22204
5948500	26883,13736,6290,21110,15159,25372,28382
8172250	28230,2217,19339,20338,6290,7354,7868
1074500	6052,2128,16602,4571,10908,12606,9567
1627000	28641,20747,7820,23770,7868,25565,22879
9972250	27533,6290,23187,29334,12183,7963,12606
4814750	679,26568,25135,14261,9946,7868,2655
9685000	9569,2693,17032,3185,11605,15450,5403,3272
4421250	13888,10338,21672,1591,16110,2257,22999
5187750	11080,1481,29099,21672,19514,11194,6431
5220750	13793,26216,25933,785,28438,21431,25240
12061000	17058,684,16463,8628,21110,26394,18075
764000	7208,15081,11531,16300,18990,23861,599
5697750	23273,27791,16396,476,2367
3787750	19458,21991,3723,25908,6904,26969,6077
10057000	2274,13206,15498,239,21110,6839,22447
2182750	1539,8689,2257,18808,7059,21110,28184,19643
3272000	25544,21315,11732,3534,28230
8861500	29377,2826,1547,23381,25656,12284,20021
5693000	12674,22916,21899,17205,18678,14020,2655
11949750	6571,25009,43,10353,13554,2198,12063
9802000	15138,24015,24947,18804,12888,24601,21501
4557250	1831,7868,19052,21501,19962,27228,21996
1381000	17958,1831,29099,25329,22099,8724,14261,12220
5438000	704,14145,14533,3046,3755,9870,20470
9212500	14596,20555,14701,7150,4370,3476,4767
2808500	24196,8775,7560,12394,27637,25372,11679
3799500	15584,11907,21768,24073,6539,21838,1721
9076750	22368,5799,18281,18575,5712,17748,25372
5199750	4039,489,679,8751,9936,20979,10868
10885750	5098,20595,23676,10038
203750	4728,12977,18075,25372,2655
5968250	13097,29099,4078,21840,12977,26516,16406
145750	1440,3847,8680,7409,24242,22099,11578,11196
2132250	1831,743,28142,14159,14577,6164,27390
805750	6051,29095,6094,19279,14580,3254,7070
12028500	18496,8519,11196,13390,15311,21392,21975,16540
12028500	18496,8519,11196,13390,15311,21392,21975,16540
6234000	12642,18051,21372,16463,1107,12438,4571,17020
10513000	21186,6147
11114000	7552,20386,21092,380,23928,25177,25372
4809000	7552,22211,9193,24178,22356,10072,12220
6140500	6180,554,22636,19149,21110,2843,637
6140500	6180,554,22636,19149,21110,2843,637
154750	19618,8943,29203,15159,569,16463,11196
12027000	21865,2322,24334
8145500	21883,24196,4268,18124,4949,4731,23669
861750	3720,3723,25420,4078,23284,4731,28924
4447000	12352,11528,489,3627,4078,12627,18361
9015000	5796,5133,2000,12433,7090,4691,2524
4399750	6148,679,23207,13266,26964,5429,7354
11434750	24155,24004,18758,20083,10840,7071,21823
5287000	12705,26254,18196,18774,3799,27514,4735
380000	12329,1773,22094,5620,23770,14174,22367
10768750	12870,4683,11150,6672,17592,19993,637
5061750	27467,2971
5061750	27467,2971
9438000	25830,3463,15019,24977,5267,15639,12220
7898750	5574,16110,26894,17588,21838,24503,3228
1806750	24413,489,20701,21683,26394,6621,18558
6380000	24196,20327,28425,24459,17748,6682,28059
83250	8769,1731,25329,7624,7409,7989,21238,28885
4118250	5185,26991,17680,13749,6582,1591,6362
5440750	25029,23206,970,20045,12883,27210,14853
6150750	10014,4835,18185,17429,15831,26523,4510
11397250	12977,27537,7762,19252,23541,10617,13180
2688750	19814,28391,15721,1739,3181,155,22749,3774
6683250	28641,6918,16103,15856,22099,23260,25407
2870250	4003,17606,8327,15096,29363,7096,14426
847750	18024,28169,25770,13390,1752,21684,12728
887500	11080,18946,29547,27509,9549
9055750	11201,16097,18024,5134,2960,8690,2655
7494250	21991,2199,22668,12528,12855,7577,509
5910250	2240,25318,13224,937,554,26605,25372
190500	17346,20425,20751,13779,18612,11190,4281
7323750	14020,27019,15534,16079,29203,16463,11196
11339250	3174,6828,21838,6287,13498,509
8280500	16674,3534,19,13971,4662,17972
6900500	29473,20578,4078,24341,12949,21659,6805
8271000	27426,516,14482,6104,10427,7356
1492500	3926,3627,17653,24886,16540,8637,11679
591750	9953,5416,12394,20466,17846,21565,27231
10112000	11780,18153,22319,6900,2326,6839,9817
140500	14625,23779,6918,18730,3627,10480,15065
266500	22659,10282,9486,9487,17582,9657,255
6358500	16873,10194
4097500	27334,5190,10343,2762,24844,20655,9620
4097500	27334,5190,10343,2762,24844,20655,9620
4259500	11176,11018,29099,23628,15315,9111,12541,3135
39750	4896,17058,19142,27817,24848,16663,5403
4102750	17031,5192,19021,15353,26938,26843,24314
4503500	11936,24193,26754,3627,14989,4949,12220
1189000	11328,16361,23628,28621,16818,23612,27615
1969000	4993,5987,15887,18002,25687,4411,12220,5469
5987000	7976,27060,21525,15639,2524,4542,5621
69500	25346,6352,2929,15315,18196,10646,1917,17470
5407750	26480,3850,25676,6352,178,27060,16373,16821
7893250	28992,10737,18824,15018,2347,7208,28410
3590000	29388,11694,7567,1776,9907,26874,28924
6354500	5377,24307,25605
10322250	5185,1731,16485,28967,10702,18575,1880
6458500	28453,14887,8637,27791
2006000	12705,17060,28008,21838,15534,1397,8122
9173750	29224,16110,15315,10999,13784,16540,12541
5155750	11969,14661,7432,15018,8173,18024,2999
1240250	20297,12394,5998,2160,8689,18392,7871
7003500	25090,12613,14150,22505,23740,28985,11196
425500	25424,17506,22094,10480,8313,9563,12285
10212500	29095,18730,24081,24788,15959,1211,15614,12927
11782250	18002,17748,13749
4087750	29099,3627,26605,23662,23475,251,2655
8346250	24064,25602,1831,16939,6734,7015,2963
8346250	24064,25602,1831,16939,6734,7015,2963
10653250	24034,619,21392,26034,29203,20180,3828
11847750	3555,10948,7827,341,9210,24026,24447
11391250	1312,2684,22244,17417,5845,28924,27998
11022500	9345,13450,15019,23025,24307,12220,10718
3001000	679,11080,21995,24780,14902,4571
3001000	679,11080,21995,24780,14902,4571
8555500	4738,18180,1282,7762,19379,10741,29078,25372
10234000	4039,19402,3719,28653,9111,10970,25086
10566000	11204,9486,2319,13554,3854,7868,28053
2448250	21672,21865,17423,949,28727,28411,24669
1206500	5962,4571
6264750	3458,20388,1415,2826,1831,29203,27895
9706000	742,12168,20297,29099,23340,22094,11487
11220500	21092,11431,13773,12285,5845,28411,23549
1319000	5797,4457,14071,10449,1237,599,5469
3661500	16485,7312,12754,21110,5211,13853
8997500	20449,10726,19430,647,24945,9656,637
3096750	7552,28553,17706,15315,11541,20184,2815
2076000	241,3536,14097,8082,16821,24886,5655
4392000	14020,11176,21838,16527,2610,4949,28410
5082500	14020,3720,12220,25372,12285,5310,2655
6126750	29473,24977,16104,15019,25117,25169,22749
8508750	6290,4694
6400000	20551,3536,3313,2452,15065,15258,26737
418500	15138,17429,6326
528250	12977,2963,8693,7096,21146,155,11196
11032250	10627,3723,28653,1713,2963,14363,18879
7149500	5824,2306,20645,1675,20366,6767,22970
4712250	22530,20902,5523,19828,24087,18388,2963
8822250	21862,17483,8495,16821,21110,27068,18013
3010000	21201,4220,5598,13975
3410000	12855,18990,18736,20695,23416,18874,21758
8170750	23143,2826,21548,1966,19217,21431,10207
2768250	22337,6447,19026,5529,12762,23421,16094
9202750	13325,8622,335,21110,16184,20444,23134
3114000	21092,6828,2319,23928,20536,15259,2655
3114000	21092,6828,2319,23928,20536,15259,2655
6977000	12964,5334
7269750	13354,24590,19475,20270,22715,6346,24063
11737250	14496,23273,6988,10390,599,17275
5059000	11974,9195,4366,22327,8856,16668,19102
5952250	6827,17060,5094,11977,5067,15831,24471,8637
236000	18275,9452,19501,7248,27028,17690,8637
10642000	25570,21334,27625,7576,25427,9782,20536
650750	23143,12394,17772,16406,18202,28059,12220,5310
3295250	21490,12285
10546500	22184,5955,28508
11141500	5464,2945,23475,21657
12386500	12795,13087,16300,24726,2367
71250	28641,8775
5726500	22731,14020,25733,23465,10059,13779,25372
1165500	290,23007,6805,28135
7568250	11176,12394,26827,29304,11670,13112,4479
6067750	20768,3329,1838,14447,23698,7995,24447
4804500	24306,164
2050000	17960,10702,26866,18996,11022,5620,21659,15231
10715500	8240,6820,22029,2655
8757750	26561,3149,26288,6968,2167,23928,24601
5999000	14666,14265,20630,26871,5081,26523,10908,26270
6458250	27205,22280,7692,21581,23475,28885,4571
8017000	21092,3719,28621,2319,27505,23284,15096
6564500	29095,11790,26576,12977,16406,11612,21950
6564500	29095,11790,26576,12977,16406,11612,21950
6634500	26307,6981,1257,6571,9454,16174,18213
3035250	22400,993,14020,11080,12168,7096,11196
9044750	22864,2945,16808
448250	15911,3210,24780,25715,17654,19962,10043
1832000	11939,10916,14469,10151,2198,25687,7868,12287
7513250	29153,23203,7692,4078,9301,27257,1756
7513250	29153,23203,7692,4078,9301,27257,1756
1517000	15299,27205,7208,15086,4808,16302,11350,24087
4186500	15138,23620,11563,27092,18196,24196,11196
4186500	15138,23620,11563,27092,18196,24196,11196
371250	14400,7620,22889,1547,10106,25596,25599
371250	14400,7620,22889,1547,10106,25596,25599
7286500	19328
2910750	24425,1372,4039
9079500	7208,11022,27314,4691,7868,15741,24447
1855750	6434,743,17450,14261,11225,12762,7868
11046750	13270,7169,8637,27198,18575
6272000	12055,3149,29103,26451,20180,2803,17400
3245250	18730,7692,2605,11280,27155,22393,18075
5248750	23623,9290,15086,18575,24375,27035,20668
3524750	17920,4808,27625,4491,1966,6868,15065
3335000	27584,4913,325,5574,8719
3168000	2240,20417,3082
10799000	13240,19026,14533
9973000	25260,18227,5429,15158,10970,23475,28117
3288750	3937,6665,17181,5429,12599
10927500	12520,27785,12610,5821,27191
7190750	1538,9413,27791,9072,3350,27483,14526
7190750	1538,9413,27791,9072,3350,27483,14526
6768000	16818,18491
7322250	10240,11176,11977,2891,16136,4949,21400
5539250	24258,155,11983,8689,25207,18075,7868
11137750	27906,934,14150,22731,22447,19891,21022
8160750	18529,22244,17641,5067,15308,3958,11196
5911250	21632,22489,9620,7868,24825
3903500	15138,21899,25618,27609,15514,9563,28605
1904750	15906,9138,22253,27314,22484,7071,26815
6872750	22084,20393,16722,570,8764,2234,26111
6872750	22084,20393,16722,570,8764,2234,26111
10831750	5640,17024,8307,1006
3849750	24359,26699,21071,27063,27448,27389,23742
5121750	3553,679,17577,16624,5429,19113,251
8622000	14976,9291,19829,11638,15935,8702,11125
3089500	14020,561,4078,15089,16754,1917
10816000	27334
12015250	23604,14806
12015250	23604,14806
